>> f = @(x) ((pi/4)^2 + 1)*sin((pi/4)*x) - 1;
>> [Hist, x,U] = bvpqgs(5, 0, 2, 20, f, 1, 0, zeros(1, 5)', 35);
>> Hist

Hist =

   1              0             0             0             0             0    0 
   1   -0.381794029   0.111300104  -0.025159552   0.041739301   0.032900019    0
   1   -0.418894064   0.132053300  -0.045990384   0.037716239   0.034241040    0
   1   -0.425811796   0.141302821  -0.047732537   0.037849950   0.034196469    0
   1   -0.428894970   0.142911264  -0.048313255   0.038058379   0.034126993    0
   1   -0.429431117   0.143283552  -0.048506827   0.038146062   0.034097765    0
   1   -0.429555213   0.143389442  -0.048571352   0.038177313   0.034087348    0
   1   -0.429590510   0.143422715  -0.048592860   0.038187954   0.034083801    0
   1   -0.429601601   0.143433581  -0.048600029   0.038191526   0.034082610    0
   1   -0.429605223   0.143437179  -0.048602419   0.038192720   0.034082212    0
   1   -0.429606422   0.143438375  -0.048603215   0.038193118   0.034082080    0
   1   -0.429606821   0.143438773  -0.048603481   0.038193251   0.034082036    0
   1   -0.429606954   0.143438906  -0.048603569   0.038193295   0.034082021    0
   1   -0.429606998   0.143438950  -0.048603599   0.038193310   0.034082016    0
   1   -0.429607013   0.143438965  -0.048603609   0.038193315   0.034082014    0 <- (N = 14)



